[gd_scene load_steps=11 format=3 uid="uid://c1tod5hx1ccnr"]

[ext_resource type="Script" path="res://main.gd" id="1_5etbq"]
[ext_resource type="PackedScene" uid="uid://08eqyhcm2p0x" path="res://flipper.tscn" id="2_q38j6"]
[ext_resource type="PackedScene" uid="uid://dntolmvguseli" path="res://ball.tscn" id="2_qmag5"]
[ext_resource type="PackedScene" uid="uid://c3kup8r1dcljf" path="res://bumper.tscn" id="3_u1na0"]
[ext_resource type="PackedScene" uid="uid://cyppkeelb0g14" path="res://user_interface.tscn" id="4_eovus"]

[sub_resource type="PhysicsMaterial" id="PhysicsMaterial_kt02i"]
bounce = 0.25

[sub_resource type="BoxShape3D" id="BoxShape3D_gl01j"]
size = Vector3(23, 2, 30)

[sub_resource type="BoxMesh" id="BoxMesh_3wqt7"]
size = Vector3(30, 2, 30)

[sub_resource type="BoxShape3D" id="BoxShape3D_qbjiv"]
size = Vector3(1.04858, 2, 30.0638)

[sub_resource type="BoxMesh" id="BoxMesh_6bk45"]

[node name="Main" type="Node3D"]
script = ExtResource("1_5etbq")

[node name="Ball" parent="." instance=ExtResource("2_qmag5")]
transform = Transform3D(1, 0, 0, 0, 1, 0, 0, 0, 1, -3, 0.5, -10)
physics_material_override = SubResource("PhysicsMaterial_kt02i")
constant_force = Vector3(0, -5, 15)

[node name="Flipper" parent="." instance=ExtResource("2_q38j6")]
transform = Transform3D(1, 0, 0, 0, 1, 0, 0, 0, 1, -6, 1, 0)

[node name="Flipper2" parent="." instance=ExtResource("2_q38j6")]
transform = Transform3D(1, 0, 0, 0, 1, 0, 0, 0, 1, 2, 1, 0)

[node name="Ground" type="StaticBody3D" parent="."]
transform = Transform3D(1, 0, 0, 0, 1, 0, 0, 0, 1, 0, -1, -15)
metadata/_edit_group_ = true

[node name="CollisionShape" type="CollisionShape3D" parent="Ground"]
shape = SubResource("BoxShape3D_gl01j")

[node name="Mesh" type="MeshInstance3D" parent="Ground"]
transform = Transform3D(0.77, 0, 0, 0, 1, 0, 0, 0, 1, 0, 0, 0)
mesh = SubResource("BoxMesh_3wqt7")

[node name="Wall" type="StaticBody3D" parent="."]
transform = Transform3D(1, 0, 0, 0, 1, 0, 0, 0, 1, 11, 1, -15)
metadata/_edit_group_ = true

[node name="CollisionShape" type="CollisionShape3D" parent="Wall"]
shape = SubResource("BoxShape3D_qbjiv")

[node name="Mesh" type="MeshInstance3D" parent="Wall"]
transform = Transform3D(1, 0, 0, 0, 2, 0, 0, 0, 30, 0, 0, 0)
mesh = SubResource("BoxMesh_6bk45")

[node name="Wall2" type="StaticBody3D" parent="."]
transform = Transform3D(1, 0, 0, 0, 1, 0, 0, 0, 1, -11, 1, -15)
metadata/_edit_group_ = true

[node name="CollisionShape" type="CollisionShape3D" parent="Wall2"]
shape = SubResource("BoxShape3D_qbjiv")

[node name="Mesh" type="MeshInstance3D" parent="Wall2"]
transform = Transform3D(1, 0, 0, 0, 2, 0, 0, 0, 30, 0, 0, 0)
mesh = SubResource("BoxMesh_6bk45")

[node name="Wall3" type="StaticBody3D" parent="."]
transform = Transform3D(0.5, 0, 0.866026, 0, 1, 0, -0.866025, 0, 0.5, -20, 1, -8)
metadata/_edit_group_ = true

[node name="CollisionShape" type="CollisionShape3D" parent="Wall3"]
shape = SubResource("BoxShape3D_qbjiv")

[node name="Mesh" type="MeshInstance3D" parent="Wall3"]
transform = Transform3D(1, 0, 0, 0, 2, 0, 0, 0, 30, 0, 0, 0)
mesh = SubResource("BoxMesh_6bk45")

[node name="Wall4" type="StaticBody3D" parent="."]
transform = Transform3D(0.5, 0, -0.866026, 0, 1, 0, 0.866025, 0, 0.5, 20, 1, -8)
metadata/_edit_group_ = true

[node name="CollisionShape" type="CollisionShape3D" parent="Wall4"]
shape = SubResource("BoxShape3D_qbjiv")

[node name="Mesh" type="MeshInstance3D" parent="Wall4"]
transform = Transform3D(1, 0, 0, 0, 2, 0, 0, 0, 30, 0, 0, 0)
mesh = SubResource("BoxMesh_6bk45")

[node name="Bumper" parent="." instance=ExtResource("3_u1na0")]
transform = Transform3D(0.707107, 0, 0.707107, 0, 1, 0, -0.707107, 0, 0.707107, -6, 1, -13)

[node name="Bumper2" parent="." instance=ExtResource("3_u1na0")]
transform = Transform3D(0.707107, 0, -0.707107, 0, 1, 0, 0.707107, 0, 0.707107, 5, 1, -19)

[node name="Bumper3" parent="." instance=ExtResource("3_u1na0")]
transform = Transform3D(1, 0, 0, 0, 1, 0, 0, 0, 1, -3, 1, -24)

[node name="CameraPivot" type="Marker3D" parent="."]
transform = Transform3D(1, 0, 0, 0, 0.866025, 0.5, 0, -0.5, 0.866025, 0, 8, 4)
metadata/_edit_group_ = true

[node name="Camera" type="Camera3D" parent="CameraPivot"]
transform = Transform3D(1, 0, 0, 0, 1, 0, 0, 0, 1, 0, 0.732051, 2.73205)

[node name="DirectionalLight" type="DirectionalLight3D" parent="."]
transform = Transform3D(1, 0, 0, 0, 0.5, 0.866025, 0, -0.866025, 0.5, 0, 16.2142, 3)
shadow_enabled = true

[node name="UserInterface" parent="." instance=ExtResource("4_eovus")]
